200 900
-397
22
44
-124
180
-76
-54
150
-230
172
-499
-140
-296
-175
-132
-349
-295
-4
-109
-29
-209
-267
174
-75
-334
-105
-100
-418
-138
-451
-301
36
-89
-364
21
3
-255
-214
-24
-9
-141
56
-253
-25
152
-169
-333
101
-407
-448
-329
-107
104
-217
-313
-223
-462
37
-305
-213
-320
128
-248
-374
-362
-218
66
-21
-471
-409
-111
-181
-226
-419
181
-323
-262
-56
-271
-123
-78
197
185
-197
-347
-165
-3
-241
-61
127
9
-26
-281
-432
-206
108
-492
-28
-67
-285
-219
26
110
-117
-445
120
-402
68
1
-404
10
-249
-125
-27
-17
-278
-118
-173
-187
8
-356
-426
-384
-191
-387
-488
-172
-345
-306
-319
76
-461
-119
-200
193
-331
-205
-188
-439
-369
-222
167
-87
-170
-238
-259
-307
-378
175
-204
32
-171
-458
81
99
-69
-126
-45
-269
-2
-86
-433
-234
-189
34
-52
-400
-287
-436
97
-44
-283
100
-335
-95
131
-202
-210
139
189
-478
-463
-59
160
-466
-479
-447
-260
71
-435
194
-382
163
84
173
55
-261
-325
42
2
