200 2500
752
688
165
633
-857
-335
-573
-682
-475
909
927
962
703
972
-536
390
-374
-174
769
-885
-465
41
-329
-593
484
-980
-635
-655
119
38
-229
-177
143
182
406
-952
56
476
24
-52
645
746
-815
548
47
785
33
20
104
-372
-350
925
-411
467
292
596
-198
-841
971
-845
90
177
39
827
-526
-258
-276
313
887
-579
613
-666
-662
-974
-146
338
-817
-943
-601
247
-55
-809
634
-214
195
-424
-670
-184
-413
506
-213
-197
302
3
-357
-384
9
-833
-503
-874
93
-870
300
766
-646
-224
661
-904
-964
-478
-162
-649
-274
-397
-371
-991
787
-381
726
-119
-761
82
-498
931
606
-779
-975
-658
-512
450
-277
-344
-403
-304
-127
580
-922
8
199
522
217
196
779
-20
-353
555
220
676
986
-30
560
-565
671
-134
234
170
183
983
261
-805
-971
-997
-925
-680
-497
423
711
-252
-79
-863
654
-232
320
698
715
602
-157
-825
76
-674
154
-961
340
-239
578
-637
-1000
614
-715
323
-294
96
611
-846
-334
-489
-847
-391
-796
-206
