200 9000
1712
-8
-649
1367
5974
4250
2991
4674
1269
2628
-783
-85
2707
-832
4130
990
794
3367
716
322
1361
2687
5360
1317
5158
3270
395
2544
4697
3714
-687
2118
3869
2196
1939
5891
-378
-707
14
695
-793
1226
3032
3923
-256
-912
353
5690
5536
1326
2981
5797
1740
2564
-945
4909
4144
4446
4776
3475
5857
4361
2217
4154
2285
4123
5722
-393
3712
-986
3823
1585
391
-746
2627
3645
5043
3183
5300
4203
1353
181
4638
2675
5114
3602
-253
596
4404
5830
4612
2959
5945
-730
1048
2720
1584
4279
1672
1436
-982
-75
5248
818
4857
533
1921
3977
-68
5712
547
48
4613
-743
4437
2757
4590
5262
2513
2257
5358
1941
5018
1087
3202
4253
-562
4798
2045
5837
839
1966
3514
3520
4515
1897
-947
5589
1428
5953
4608
1208
1242
67
1995
3246
870
2972
575
1407
1240
1382
-101
639
1742
4441
1410
2909
3553
2737
1930
4457
3210
5389
970
1723
2865
-967
179
2436
4346
5502
388
2968
2741
3821
1504
5123
2797
3393
3578
-898
3729
1366
1369
3700
2434
712
3829
3313
5739
5707
3573
-865
-904
1131
1078
1866
1000
285
