300 10000
2183
-482
3292
-137
3089
2063
-3041
2941
2208
-1934
1833
-1797
-2093
-2739
-2561
3764
2162
-119
-2307
1063
-3882
-1613
-3896
495
-912
-956
2693
3319
-3617
-1374
-180
2631
-1579
2090
3414
3066
-572
-2574
-1159
-2593
-1634
2332
2454
-948
-2959
3494
-641
845
-3892
-2890
-2231
-1457
-281
13
-1547
2544
1003
-1321
281
-1179
-2808
-3827
1064
2632
1732
1192
-2067
3627
3128
2085
-747
3883
2406
1830
2676
-3199
1631
2488
-249
-1116
2204
3708
2813
-3570
2759
-1322
-3158
3348
-3672
52
1763
312
-9
2347
-1875
2506
1265
-2882
-1577
-1233
2288
-3833
2529
2587
3501
-2467
2591
151
-2468
1501
1439
1351
-1991
-1008
-2243
-232
1804
-1252
-1086
2491
-833
1945
-3961
318
2062
2082
3143
57
1279
-770
2485
2778
3783
-3125
-1517
-2958
-44
-1594
364
957
581
-1691
338
2901
899
3527
3935
-3693
-3629
3302
-781
3686
-1787
501
-1313
3488
3084
-3427
2024
592
-978
-91
-1662
-2221
1821
-319
-1936
-240
1318
-3035
2013
2303
-2681
-2534
1733
573
2334
524
-917
795
3797
-791
-2922
393
2222
2928
545
12
3636
-2819
1152
-1952
2732
1195
-2830
-3956
480
2467
-745
-3138
789
-2461
243
326
-2074
-2004
-2582
1103
1071
-199
1788
-3389
-1299
3505
3945
-1383
-1637
3866
-2028
3763
3365
-1719
3216
-1004
3267
2286
-2835
-1376
-2146
793
-3527
2699
-783
421
2363
709
3443
1918
1346
-2889
1150
-3337
-2271
-3207
-1827
1699
-1287
2044
-235
3356
-204
1791
-223
1068
-3943
2382
-201
912
-387
304
-2409
3729
1178
2136
-1990
-1835
-2627
-3363
-3212
-2274
-1948
-3126
-3026
3810
-412
-2636
3947
-120
722
1056
1700
-1638
2738
-623
-3929
-3073
3475
771
3500
2797
-2598
-2254
-2626
2583
256
1113
-2503
-2251
298
1871
