200 9000
-1092
-462
860
-1627
-3744
-3523
-3869
-1357
-3076
-3807
3109
3558
1318
-2094
-3827
-3299
-1758
533
-3510
-1221
-835
3039
1512
1973
-399
-564
2957
2045
-314
-363
-3472
3372
1529
2246
-2834
-3273
1897
-3035
1609
3264
2982
-2621
-1823
2837
-2708
-1847
-2480
-290
-2185
1040
-1267
1507
1321
-1225
-2860
-2790
-1801
311
-2679
3406
-3256
-590
-2920
-3231
401
1292
420
3890
1482
3643
-681
1487
2686
-3615
-2017
-2109
-3073
347
-3462
-1182
-890
-3373
-2122
32
3984
1114
423
2934
-498
-839
3852
-1650
2044
-2045
-3282
588
1738
2227
-1663
3952
1033
-1361
-3051
144
3910
3307
617
2642
3236
-3599
-1380
-3312
1561
3652
-3128
-3236
-2177
3942
177
-2247
1266
-3752
-3740
-2844
-2964
1400
-2092
-275
-2083
-436
2404
1398
-218
-499
1191
2503
-1213
2623
-2069
-412
2872
1525
-2419
2106
-3565
2061
-3908
-3079
56
-513
-1595
2638
-388
-1795
-751
-1707
-3898
-3357
3581
-3272
912
1006
2835
1542
1283
-1345
-1713
-3503
3186
-2182
-2293
-752
-2733
-2174
3184
2145
719
1329
2186
-2574
1026
3898
-2823
312
-3264
-768
896
-3991
-1069
-932
200
808
-3118
-322
1196
-971
388
-3842
-1122
2367
