100 1000000
-9900
-9700
-9500
-9300
-9100
-8900
-8700
-8500
-8300
-8100
-7900
-7700
-7500
-7300
-7100
-6900
-6700
-6500
-6300
-6100
-5900
-5700
-5500
-5300
-5100
-4900
-4700
-4500
-4300
-4100
-3900
-3700
-3500
-3300
-3100
-2900
-2700
-2500
-2300
-2100
-1900
-1700
-1500
-1300
-1100
-900
-700
-500
-300
-100
100
300
500
700
900
1100
1300
1500
1700
1900
2100
2300
2500
2700
2900
3100
3300
3500
3700
3900
4100
4300
4500
4700
4900
5100
5300
5500
5700
5900
6100
6300
6500
6700
6900
7100
7300
7500
7700
7900
8100
8300
8500
8700
8900
9100
9300
9500
9700
9900
