250 7500
-482
2641
-876
996
-229
1114
-3663
-467
-3602
1386
-547
3030
-3482
3876
1338
3657
-298
-3355
3153
-1021
3944
-1612
-762
2983
2612
3044
-2040
2806
594
2555
649
-219
1194
3587
3123
2442
1107
-553
-2084
-3852
3737
2062
-3980
3877
-1754
2977
-2947
-1187
-2699
2568
-891
80
3910
2335
2706
2874
-3870
-3429
-1264
3100
-647
3859
3801
-3973
3038
-3657
-1258
-2064
1152
-340
-2819
-732
1243
-1033
-2236
2252
3619
917
2386
-697
2832
-1745
-2320
-509
1135
-541
3586
1624
-387
-3815
-3261
-459
-2186
-278
-792
459
-1175
3958
-675
1759
-1973
-1947
1596
3454
2005
-1619
2040
-1713
-2038
-2674
-421
3346
3534
-2590
242
-2142
2635
910
-3963
-3646
1702
-797
976
722
-656
-1467
-3805
-2529
2029
-1214
-12
-603
-1888
-1849
3838
-375
694
-3345
-205
-3913
1155
-1709
3330
-194
2528
3046
-1289
-196
-318
-471
2496
-3455
-1082
-2042
340
-2505
-433
3314
-1934
2875
1234
-2266
-1788
132
2341
-360
-2198
-1710
3682
400
-1185
-3506
1333
-1173
-3216
-2856
-1370
-3571
2602
212
1340
-3686
-1500
-3574
-376
1455
3134
-457
2103
3303
2433
-1749
1072
454
3902
-1628
1070
607
451
-939
-1050
-1386
-3578
-1124
-2167
172
-1463
-212
-1294
929
3331
64
2324
684
-2502
-2306
481
1628
-3490
-1489
-3740
3862
2354
-3752
-3346
1964
-1343
3394
3179
-3235
-156
2547
-711
-2886
821
-952
1451
-353
796
3601
-943
3689
-944
641
-1046
45
-2459
-3097
3475
2903
