300 800
-6
33
-111
-35
31
-18
434
390
-323
26
-277
-37
-68
102
-372
124
-433
378
-89
-304
-190
207
223
273
36
-358
-27
65
147
384
494
-246
-267
-42
-234
154
-285
267
-249
-213
-302
-406
-424
-136
445
367
238
-212
146
447
-25
387
123
-182
423
-241
-34
-235
76
88
208
-172
-228
201
166
464
-214
-3
184
448
315
105
411
322
-485
-238
58
-397
285
192
-129
245
-395
-232
69
-444
133
297
84
-205
359
-333
110
425
-396
-55
240
424
371
152
377
-337
101
-208
332
290
-266
235
-200
-262
63
317
335
187
-31
-338
150
-400
-211
-189
-131
-79
-466
241
-295
470
-453
-422
55
251
121
-165
-495
40
-477
-443
-340
360
344
5
331
306
-46
-21
-300
431
-80
-226
-305
457
443
68
168
392
-500
-260
-86
-137
115
-496
173
-370
246
-222
250
-97
-306
259
136
-317
-174
111
-294
-138
-348
-432
185
405
-259
459
-53
174
441
3
-88
-166
74
-237
326
194
-120
93
-216
375
-154
-319
-16
8
-474
-430
456
415
472
-156
-410
22
-365
-11
-325
-30
-253
-239
-192
296
409
-57
-90
491
-413
-418
-244
370
394
120
134
-292
-344
-391
-54
-286
-77
362
-327
432
308
-314
195
-117
310
196
204
-247
217
-280
-336
478
-161
414
167
304
-207
321
-278
336
-218
171
-457
125
21
-460
-265
-36
-106
-94
272
-394
-158
49
103
-39
365
81
-493
260
383
-349
-268
177
309
-388
197
-199
-380
-10
473
406
151
-202
85
189
-150
252
-219
-93
-4
-125
323
-480
-50
-198
